1472.76135202
1461.05064936
1484.7794449
1476.87643356
1467.320006
1465.92325856
1470.48971435
1475.89328883
1479.91486242
1471.36127447
1461.02224487
1478.52696966
1472.05061054
1470.38260327
1468.47608084
1477.57571718
1476.45893949
1471.81180862
1466.77264769
1479.17747414
1483.39947418
1465.94781626
1473.32481144
1465.92394073
1476.52091079
1481.77224971
1475.79131316
1456.45185296
1469.77073042
1476.7575969
1474.6599608
1460.20991642
1474.51720912
1480.57488835
1469.20284508
1465.75475438
1476.4640192
1472.34303068
1467.76633018
1459.09698101
1466.3727357
1480.70962717
1467.80822998
1481.03949981
1455.57617458
1468.79848856
1469.32127188
1470.4104869
1466.86775137
1453.39533507
1477.26842517
1476.12804323
1466.57628509
1476.46435785
1481.68350197
1482.53397937
1464.99761092
1476.15107628
1482.89210666
1467.38713365
1471.26102375
1463.03349244
1481.36592373
1472.40653354
1479.57764244
1472.26967638
1466.0136425
1474.39818231
1462.69443152
1481.50227809
1469.8016873
1472.11208812
1453.79675333
1455.78329431
1464.86927744
1467.74691279
1462.05813838
1470.04319664
1457.11049684
1476.52091079
1471.63786306
1467.76122036
1478.89350529
1466.78082889
1465.02900995
1483.17665839
1460.1999863
1480.21282254
1458.51362695
1459.81950939
1481.90991629
1481.20255198
1472.61434191
1474.28796373
1472.85674796
1479.8547226
1456.85174263
1471.37282835
1492.53609672
1447.8760306
1451.17952025
1473.52129269
1473.1262675
1459.94177966
1479.03583459
1442.51204501
1508.93472357
1431.54531888
1480.48809519
1543.61264571
1547.51090465
1462.54846074
1535.08859679
1641.74175801
1472.35933114
1428.70780778
1406.6428118
1453.37882192
1879.81089474
1715.10407847
1762.80259814
2005.73702165
2212.69270347
2224.29314615
2532.20259853
2530.45549259
2408.70442354
2266.40750969
2615.97668185
2426.73731582
1964.38030941
2053.40424661
2043.12750459
1854.27883556
1463.60172178
1186.06112827
1014.27708246
1053.09353811
1071.69305307
1065.24222597
1032.02131761
965.123826252
1036.37686196
1150.79928745
1244.2560026
1309.77135409
1235.31413009
1086.44420013
1002.2404901
928.832600634
926.190585139
1060.37493369
1233.16016802
1380.73241434
1367.21212692
1325.15999034
1289.23659582
1304.73062354
1415.96221701
1631.40859382
1652.21396919
1667.74278592
1653.98821036
1617.1644938
1545.38603591
1429.72829587
1412.24997787
1414.9932862
1429.49851347
1432.62032653
1407.42175626
1445.86098917
1463.50401434
1579.08011196
1822.83433147
2029.15105401
2374.02695857
2352.09055948
2191.86199383
1917.74294419
1653.57007714
1391.65800397
1213.63627171
1261.12727351
1377.89331953
1462.82227218
1544.82620382
1620.86335019
1742.58314005
1717.00291205
1646.99757134
1567.62431724
1479.93141733
1422.46898033
1382.62431629
1420.71284924
1436.64505011
1485.94818214
1486.03566579
1509.81190882
1527.49991817
1547.9279699
1510.45721555
1476.57813881
1443.62460494
1427.00840923
1438.37512492
1453.66743102
1500.05766556
1516.99538562
1547.16870444
1568.51330884
1523.1076784
1516.21700294
1471.72721657
1472.2730725
1493.6221075
1538.18887007
1525.31701623
1512.48966939
1520.33318717
1543.14646097
1562.71078578
1570.9395278
1529.47507335
1510.68097228
1475.35690597
1483.53665273
1541.6367925
1554.66073469
1545.5063895
1530.4839104
1514.91055842
1518.34054151
1517.12029846
1504.95049752
1508.68353209
1499.47290739
1523.72733781
1546.42135267
1527.04846027
1478.20228656
1469.07249651
1480.9851451
1459.66228971
1445.58154388
1461.31481892
1507.87864233
1547.72348952
1546.48957319
1523.13656643
13213.4728213
4707.19502464
4329.08604673
5851.13057451
5126.67455569
4541.15943345
4169.73908057
3306.46835763
2743.66342688
2382.10390202
2212.16952334
2089.85119087
1751.7959356
1581.62985556
1448.79570679
1333.5156542
1241.88807869
1248.43782384
1353.30004064
1486.70272751
1734.1133181
2154.6890727
2690.65531051
3229.65926995
3727.16326447
3534.213491
3277.13731784
3044.90738775
2871.7808064
3080.4554858
2822.33130585
2642.32568015
2450.92921154
2282.59742399
2151.93424621
2032.26081003
1781.84202442
1679.60650154
1516.65487175
1414.71622596
1340.13656021
1222.02168557
1092.88654489
1083.95987011
1037.73262452
989.676209677
1017.20597717
1208.59256989
1263.95055283
1261.23312675
1279.73356602
1367.55073032
1472.87643745
1709.47272573
1743.69148647
1750.04971358
1772.15828864
1857.02073225
1919.19436223
1989.13900972
2002.69568332
2059.39505681
2105.29617869
2149.49133518
2146.08224446
2067.5671694
2003.79340252
1948.59975367
1880.12685742
1818.71328142
1728.30118903
1705.32372293
1696.20547104
1671.05415831
1641.39970757
1656.49781165
1672.18539642
1699.21040486
1706.53830898
1694.54595689
1686.39556451
1698.8045797
1674.49723798
1686.05337994
1730.29997399
1734.7728958
1719.4028033
1667.33409969
1576.24141552
1562.32999075
1564.5529713
1588.48260928
1603.02838403
1575.58052793
1513.95475494
1509.24915107
1493.88520309
1463.00410116
1427.48380026
1400.52275954
1385.52697556
1372.97123058
1359.31490097
1349.213104
1381.06263435
1449.27050615
1463.29798742
1428.93876706
1436.74110403
1448.08874037
1458.86873981
1479.83918045
1492.51231151
1516.4336451
1556.54424929
1573.60795626
1600.48149005
1609.09508731
1635.47821753
1638.93654545
1647.5211683
1629.29125696
1614.27661818
1597.88297444
1611.68824529
1610.21302938
1588.88986402
1592.41357693
1603.33402633
1586.18126329
1554.00707849
1559.84774898
1549.24594561
1569.06118428
1557.113676
1549.25691865
1528.95062052
1524.08267492
1542.2713769
1561.16398882
1554.38766078
1531.46498491
1533.09393059
1525.64150442
1515.7245792
1503.54946709
1500.4016129
1508.30567194
1513.75592484
1538.8726393
1530.95819669
1500.52957318
1452.2716688
1457.80176979
1461.76981772
1474.09294144
1455.56621285
1466.31681433
1496.57575819
1523.55209954
1527.7879434
1503.14636679
1470.0234692
10472.0046314
12296.3811343
8289.36752714
6196.02235309
4765.4399587
4117.98615831
3400.74653569
3047.59872687
2652.62209898
2466.13422181
2410.04688751
2367.44968268
1972.83070738
1739.39472231
1525.85877459
1362.35604744
1238.75784559
1120.12410027
1271.8443301
1444.69270089
1753.42065689
2268.35116329
2849.08845072
3640.1674412
3617.6464725
3362.5209293
3142.16151717
2967.19985845
2839.25571233
2925.90857684
2899.07916415
2846.28846043
2752.73536687
2569.54120418
2354.51778503
1933.84952879
1806.30368432
1639.54292411
1549.7448177
1548.8324635
1521.81503475
1175.19275015
1144.59163023
1101.63015572
1088.81127841
1039.77160954
1023.76022583
992.033265571
1024.29683198
1105.79338034
1176.72511658
1302.65152669
1410.64985025
1586.35021354
1660.92112998
1722.92222692
1767.09422499
1843.69845691
2027.56405571
2096.55264661
2130.40207473
2125.68012645
2132.04877993
2117.7081952
2098.02383209
2086.00814955
2068.84508845
2050.32338913
2003.10359193
1935.64976171
1749.1852389
1626.4888564
1525.34750139
1432.40252722
1454.0842479
1500.20565257
1634.30260356
1641.43382444
1636.97464855
1634.4497545
1633.28044132
1632.61048631
1693.28349664
1743.04618413
1725.5772947
1711.95385452
1705.47530032
1703.90786136
1724.44019902
1766.98726651
1766.94680169
1686.60546661
1612.3566603
1597.33935029
1562.49479999
1534.20142094
1530.77333397
1510.6621065
1485.79339075
1428.63606282
1434.82890966
1419.62459827
1394.93440706
1377.18154214
1359.48850676
1341.06636674
1383.32678713
1434.94181067
1440.93372505
1463.00956935
1484.43693029
1498.6103563
1493.31209062
1536.28024787
1561.21395074
1582.98989258
1609.9891304
1613.5742933
1615.54758519
1601.638536
1625.09107437
1697.80269761
1638.10774981
1614.53553693
1618.73808876
1593.72676454
1597.14401354
1595.90569897
1565.08594013
1554.9485522
1538.488219
1519.13462208
1540.6209787
1541.33091839
1549.54896664
1543.76973672
1538.02665777
1508.85950307
1511.17702471
1501.61779425
1568.10363178
1554.50956896
1556.75238879
1535.61811659
1547.43271259
1530.49991833
1520.15821545
1528.11059809
1515.55303437
1490.35599774
1503.42109869
1512.80038339
1495.14714995
1481.726358
1442.07212025
1435.44453045
1475.07898094
1549.73417075
1566.72716195
1542.68661756
1503.82878015
1489.09569874
1488.35278076
14073.7841748
6285.26045602
3253.78349003
2779.45192439
3658.11987228
4718.26112037
4186.78516287
3358.08055293
2572.57963919
2069.89347552
1825.25669428
1547.31929478
1529.93627318
1434.44414321
1294.68490375
1175.57560369
1170.37899844
1268.90425171
1392.25069582
1572.68210392
1816.75424865
2088.36898081
2427.65339371
3008.72414821
3124.4913186
3118.62870506
3101.68180186
3055.04271656
3000.00583333
3056.87193059
2969.73416319
2858.7032025
2775.31457676
2677.81216668
2254.43984173
2226.40203018
2111.36780311
1916.35826504
1771.23629141
1603.64771693
1388.79588133
1305.01992322
1247.20728029
1185.2278262
1170.17819156
1151.68615517
1142.73837776
1152.13757859
1164.38181023
1168.82376773
1211.58202364
1274.72349943
1516.21964108
1627.19820551
1707.16080086
1786.227869
1842.12214579
1928.54089923
2079.61030003
2118.12487828
2133.22994541
2159.50827736
2171.14117459
2187.83294609
2082.64735373
2049.09565419
2002.79904134
1943.38519085
1895.6523943
1838.06773542
1766.15571227
1802.92262729
1772.741944
1736.58227562
1701.46201838
1665.10870516
1569.82164592
1573.41984225
1599.08598893
1641.44022127
1679.31950504
1698.20228477
1692.05821413
1670.37420957
1638.2142717
1676.91532285
1741.92824192
1813.10479565
1765.62170354
1676.33260423
1639.04179324
1637.94200142
1635.61762035
1579.56133151
1543.68196206
1499.69496899
1462.74741497
1486.69970068
1507.10782627
1439.25362602
1407.22777119
1374.28854321
1350.41660239
1384.05202214
1423.2283724
1389.62656854
1382.86297224
1358.44543505
1373.14165329
1389.61109667
1449.21530492
1466.82275685
1523.19860819
1536.68051331
1575.61702199
1563.64062367
1557.54357884
1588.21440618
1602.08021023
1627.54877039
1634.1450364
1648.72951087
1647.69718092
1658.88335937
1634.1343274
1631.40215765
1602.66153632
1610.22296593
1591.7223376
1595.87311526
1562.11235191
1559.53614899
1585.72538606
1581.73891651
1538.64420839
1523.09192106
1534.95081354
1532.36875458
1537.72754414
1544.71744989
1559.34505482
1597.0585462
1611.23368882
1599.66777801
1559.4168782
1510.54857585
1494.48385739
1491.90616327
1513.3832958
1550.26642871
1579.20644629
1523.85629244
1486.43903339
1482.85063307
1443.91343231
1452.52814086
1458.69736409
1439.43217972
1433.02651755
1430.47474637
1411.75918626
1400.96431075
1436.76372449
1437.65190502
1457.58773321
1473.75303223
1473.99660787
1497.70290779
1512.13954383
1510.63794471
1521.75195088
1529.24360388
1525.03278653
1497.89318711
1498.49290956
1516.23810795
1526.36135957
1564.91533317
1575.1536433
1579.11525862
1535.56341452
1534.51588457
1534.70322864
1538.55029167
1541.15638402
1552.19876305
1552.92916773
1544.91973902
1545.9628068
1545.39768345
1542.41012704
1526.55003193
1501.35205731
1474.33239129
1482.31609315
1487.70729648
1506.03154017
1477.88125369
1420.62134293
1417.16406954
1437.4953913
1470.05714175
1490.4928715
1509.16963924
1457.35033537
1407.33862308
1404.31157511
1409.02590466
1462.99453177
1509.28393618
1489.60699515
1499.61928502
1552.03414911
1578.12578713
1597.5161971
1555.94922796
1518.90881886
1526.44063101
1533.56643156
1545.18380784
1529.14453208
1523.76047987
1550.48057066
1580.14018365
1557.14514417
1539.93311543
1463.69600669
1416.14194204
1400.43885979
1397.97567933
1428.09838597
1426.73508403
1453.38157412
1466.89774695
1480.31246701
1518.50024695
1574.61296832
1595.92575015
1582.69801289
1575.41232698
1551.3748741
1542.98703818
1532.71132311
7708.47514104
4299.48810907
1962.97529276
2513.25406595
3187.96549542
3229.91408554
2554.05736036
2176.84037081
2090.17248092
1826.0531208
1337.55710158
1158.54995576
1046.20313515
861.711668715
687.573268823
578.906728239
680.263184363
760.621456442
1069.27077955
1278.13770776
1509.87880308
1708.10011416
1829.77676234
1910.641777
1971.94041492
2094.78519185
2340.90174933
2516.88597278
2624.19778218
2660.18307641
2696.57059985
2702.39060833
2698.93516039
2680.00485074
2648.02039267
2630.12300093
2483.36404903
2309.33237105
2198.28114671
1976.48855296
1807.17791044
1764.6297062
1735.9337545
1716.64381862
1692.97548712
1698.04623023
1699.68644167
1685.22075705
1735.42905358
1768.82729513
1822.42503275
1915.49706343
1991.77232635
2200.80121774
2224.43048891
2231.10040115
2197.46990878
2107.8545965
2015.09925314
1920.88963764
1872.52423215
1841.19825114
1801.19765712
1759.45730269
1710.17981511
1565.11277549
1492.82215954
1399.77426752
1322.99697656
1265.81357237
1277.9221416
1228.62117839
1196.54377271
1190.76907921
1173.40615304
1196.2900986
1282.83046425
1309.01986234
1333.25353928
1386.73501434
1459.8534173
1537.14377987
1644.60633587
1646.32256864
1662.73810325
1701.57985414
1771.56456275
1812.4397921
1864.24059606
1865.70549659
1864.54203492
1873.76465972
1865.54898086
1816.71406666
1777.12267444
1772.52926633
1765.26740184
1726.00753185
1705.74118787
1685.06795115
1639.61275916
1601.08119719
1577.66060989
1566.92469506
1539.20791318
1607.01400118
1617.20654216
1596.97495284
1594.0407774
1595.63310319
1600.05031171
1599.80342542
1588.99496538
1573.56950911
1561.84442247
1566.7613092
1575.27489665
1568.97705528
1553.80114558
1536.78658245
1524.86523995
1511.53035034
1503.5787309
1501.57883576
1462.55700744
1429.0615802
1433.89957807
1446.2064168
1460.11266689
1462.49307691
1453.67774971
1467.63108444
1476.75962838
1481.79924416
1481.69126339
1475.18608996
1460.72071253
1493.29601888
1515.91655443
1530.58354885
1542.67754246
1560.3954627
1560.48518096
1577.24474956
1561.55499423
1567.90337713
1573.59397559
1595.31438908
1616.07178058
1606.16655425
1584.15971417
1540.04967452
1532.97390715
1545.19772198
1549.10974434
1581.415189
1578.83438017
1554.90803587
1512.13260001
1497.92523178
1500.57655586
1480.07972758
1445.38541573
1511.52935797
1534.83973105
1555.17490978
1513.0594833
1462.70571203
1435.0850149
1443.23975832
1451.07511866
1493.58227092
1518.94338275
1522.78363532
1503.45668378
1473.74488973
1496.91482724
1506.85002572
1508.16875714
1504.50357261
1491.34201309
1476.1334628
1516.44617445
1565.18018132
1589.84181603
1620.15554809
12646.4636164
3936.14290899
4813.63999485
4209.79928263
3561.13170214
3146.25904846
2158.81472109
2113.80368057
1950.50865161
1735.23658329
1573.19706331
1446.37961822
961.258550027
741.917785203
551.135192126
396.169155791
330.732520324
394.031724611
558.620622605
692.477436456
849.927643979
1020.55769068
1176.52284296
1329.35510681
1607.58359036
1746.92930595
1910.27223191
2059.06726456
2187.05944135
2327.44688446
2606.07847157
2693.52668448
2738.37926519
2750.29707486
2793.74694631
2676.33779632
2674.56781555
2735.72677729
2596.18681916
2496.41142443
2385.98868396
2102.88967851
1946.63401799
1816.46469825
1725.19158356
1683.73216397
1645.5166362
1548.19701589
1505.6022051
1474.77082965
1498.50792457
1517.3348345
1593.60817016
1779.56202477
1846.02166835
1885.82448812
1908.45382443
1943.12248713
1969.41463384
2019.10400921
2028.64092436
2026.30032325
1998.19143227
1980.08913941
1933.10191144
1796.0648652
1747.05781244
1742.07003304
1714.0169194
1689.01095319
1576.03077381
1526.05242374
1500.01933321
1423.0035137
1371.02115228
1338.14834753
1277.19771375
1269.3348652
1265.65161083
1257.78933053
1279.28300231
1311.70271022
1342.86335865
1374.74397616
1421.4207681
1433.31713169
1462.02257165
1750.49507283
1601.03404086
1638.90969855
1676.89594191
1733.84341854
1760.21248717
1784.68876839
1811.41629671
1815.72134426
1831.71204069
1831.93558839
1816.65902139
1776.57113564
1729.6398469
1689.17198651
1668.27455774
1638.95179917
1593.2388396
1561.48807232
1568.01690042
1572.89351197
1570.92870621
1580.99240985
1553.36698819
1589.94905579
1607.382033
1623.14016647
1629.95122626
1635.43449884
1643.06390624
1636.80084311
1640.43469849
1651.32855604
1673.68724677
1680.45410529
1648.2235892
1641.01614861
1622.25121359
1608.0481958
1572.65794119
1545.53874102
1500.76846982
1472.04449661
1455.86606527
1440.76229823
1441.76662467
1432.56727591
1414.07602342
1392.68984343
1393.52395028
1386.05555444
1383.93930503
1378.31672703
1396.26465973
1405.16938481
1445.20863546
1471.19475257
1490.98457403
1499.92366472
1535.00358306
1560.45410057
1561.33372474
1561.02946801
1565.5366492
1592.0031407
1590.13018335
1609.04257246
1613.65764647
1620.0895037
1606.69629987
1605.38749217
1601.31321109
1593.26520077
1555.65677448
1569.09559938
1552.69636439
1550.34254279
1552.82548923
1550.51765549
1545.60570651
1550.55893148
1532.82060268
1534.04172042
1520.16413587
1539.64216622
1536.87930561
1558.00802309
1553.93468331
1558.85887751
1557.5268858
1568.53721664
1566.5430093
1553.79052642
1527.4115359
1527.8893939
1529.65420929
1527.03045156
1506.15437456
1498.91093798
1458.17488663
1457.08373129
1463.34309032
1470.3856637
1453.86416147
1443.6149071
1451.09958307
1444.29013706
1460.93565909
1448.60104929
1444.66189816
1444.42826059
1474.33137388
1462.6732376
1480.61271101
1485.4901548
1516.83156613
1797.39060863
1539.54831038
1536.60177014
1525.31603283
1520.31674331
1493.61139524
1504.76376884
1493.01975874
1507.03350991
1510.83652325
1531.9510436
1535.20389525
1493.65424379
1447.80040061
1441.1807659
1502.25896569
1621.07279294
1743.17469004
1966.28024452
1934.13701686
1848.22320081
1801.30924608
1860.21289104
2055.14914301
2386.32395119
2504.87784133
2575.83326324
2672.52577163
2711.32163345
2323.72976054
2387.0460825
2343.80054612
2325.78438382
2227.66447204
2008.63759798
1278.78379721
1067.60854249
1085.89225985
1084.19832134
996.311698215
893.274313971
650.620473087
523.795761724
507.941925814
576.993067549
614.105854068
528.611388451
618.667923849
649.559850976
665.529864093
752.043216843
830.23008859
853.543203359
840.753233714
960.939644307
1157.15383593
1205.02655572
1120.81577434
958.11794681
727.286738501
664.714976512
582.351268566
607.49074067
530.527096386
1762.68658587
2140.539418
2392.78665994
2149.41992175
1106.04385085
443.2008574
356.418293582
408.198481134
444.80669959
464.280087878
471.721316033
10664.9611345
708.695280075
207.147290593
356.199382369
568.032569489
515.675285427
655.525743202
521.77198085
580.448964165
422.318600111
341.183235227
177.234308191
490.85843173
8906.57307835
4479.19579835
264.435247272
196.280411656
513.30010715
651.42459272
1817.50708389
1274.99647058
1763.60936718
1222.05196289
1277.8740157
1244.09565549
1258.16771537
1281.92433474
1313.78765408
1392.09590187
1606.72990885
1682.09452766
1565.58008419
1455.3913563
1397.70204264
1363.65171507
1341.2333876
1348.99703484
1347.65871051
1366.58186729
1380.13042862
1375.05854421
1368.38225654
1369.26147978
1373.33790452
1381.68701232
1389.08819014
1396.59049116
1422.69743797
1413.70223173
1373.6331388
1382.63697332
1373.10778892
1372.49444443
1372.3359647
1385.32198423
1388.04682918
1384.71693858
1407.99609374
1374.67196087
1383.19196065
1366.52295992
1374.21577636
1370.88693917
1376.87835338
1401.88480269
1386.92177141
1387.56693532
1388.04610874
1375.95276082
1383.62892424
1389.80646135
1377.12780816
1388.98740095
1375.75070416
1395.3379519
1379.79636179
1381.37612546
1390.80588149
1388.78184032
1377.53874719
1382.56753904
1367.13752052
1389.67334291
1390.7296646
1381.56577838
1395.46802185
1386.89905905
1376.1467945
1388.65258434
1375.81612143
1372.60737285
1377.78263888
1378.48685159
1385.36132471
1389.90863009
1378.20390364
1378.14404182
1387.43792654
1383.84464446
1389.91042877
1388.25718078
1382.55777456
1390.0946011
1378.23256383
1385.70343147
1394.94444334
1386.00757574
1390.40497698
1383.3618471
1385.73590558
1393.86405363
1385.38586683
1385.2155067
1395.71558707
1388.08537201
1388.64106233
1389.84207736
1371.44048358
1381.03765336
1361.5836368
1390.53982323
1383.71962478
1390.15574667
1385.94155721
1387.36873253
1374.26926037
1377.93831502
1380.46151703
1388.36378518
1387.28367683
1387.69809397
1378.43860944
1398.89134675
1387.20366205
1377.49228673
1394.63077551
1379.0855666
1379.09898122
1388.69039026
1387.9744234
1372.29807258
1377.15394927
1381.01339602
1383.15364295
1380.19781191
1382.95733846
1383.96893029
1390.71384548
1374.67196087
